[slider13.jpeg]
filters=finetune2=1,0.438596,0.092632,0.089825,00000000,0.000000;unsharp2=1,0.929825;
moddate=87a051574382d401
width=1920
height=930
textactive=0
[WhatsApp Image 2018-11-22 at 1.22.11 AM.jpeg]
filters=finetune2=1,0.292398,0.131930,0.075789,00000000,0.000000;unsharp2=1,1.070175;
moddate=e55296044582d401
width=1920
height=930
textactive=0
[slider11.jpeg]
filters=finetune2=1,0.444444,0.171228,0.154386,00000000,0.000000;unsharp2=1,1.052632;glow2=1,0.650000,3.000000;
moddate=7adae3664582d401
width=1920
height=930
textactive=0
